00000000000001000001000000110000100000010100
00110000011100010000001001000101000010110001
10000011010001110000111100100000010001001001
00010011001010000101010010110001011100110000
01100100110100011011001110000111010011110001
11110100000010000101000100100011010010001001
01010011001001110101000010100101010100101011
01011000101101010111001011110110000011000101
10010011001101101000110101011011001101110111
00001110010111010011101101111000111101011111
00111111100000010000011000010100001110001001
00010110001101000111100100010010011001010100
10111001100100110110011101001111101000010100
01101001010100111010100101010110101101010111
10110001011001101101010110111011100101110110
11110101111111000001100001110001011000111100
10011001011100110110011111010001101001110101
01101011110110011011011101110110111111100001
11000111100101110011111010011101011110110111
01111111000111100111110101111011111110011111
01111111011111111001001110111001000001101101
11110010100000110010111110001110000110010111
10010110100111001011101110110001111001010101
10001000001100001010000011011001101001110011
01100101010000011101111101001111010011010001
10111111101011110100010000011011001101111111
01101100101010000011010011110011010000011001
00110100111001101100110110010111100101100101
11011101110100010000011000011110100010000011
00100110100111001101100110110010111100101100
10111011101110100010000011101001101001110110
11100101111001101011100100000010000001000000
10000010001101101111111001001000001100011110
10001101001110110011001001110010110010111011
10010110001000001101001111010001001111110011
01000001100100110010111101101100001111001111
10100110000111101001101001110111011001110101
11001000001001001111010001001111110011010000
01100001111001101000001100100110000111011011
10000111001111101001110111011001110100000110
00011110011010000011011101101111111010001000
00110011111001011110100111010011010011101110
11001110100000110010111011101101111111010111
00111110100001000001101111111100011110011100
11111001011101110010111001000000100000010000
00100000010000001000000100000010000001000001
00111011001011100111110110011001011100011111
01000100000110111111100100100000110000101000
00110110011010011100110110010101000001110111
11010011110100110100011011111110101111010001
00000110110011011111110110110010101000001100
11011011111110010010000011000010100000110001
11101000110100111011001100100010000011001001
10010111100111110100111001011011111111001111
00110100000111010011010001100101010000011000
11110100011010011101100110010001001111110011
01000001110101110111011001001100101111001011
10011111010011000011101110110010011010011101
11011001110100000110111111001100100000010000
00100000010000001000000100000010000001000000
10000001000000100000010000001000001101000110
10011101101111001111001011101100110011001011
00010000011000011101110110010001000001110100
11001011100001110001111010001100101111001101
00000110100011010011101101010000011101001101
11101000001100100110100111100111110100111001
01110101111001111101000100000110111111101001
10100011001011110010111001101000001100001110
11101100100010000011010001101001110110111100
11110010111011001100110010111001000001001111
11101011110010010000011101011101110110010011
00101111001011100111110100110000111011101100
10011010011101110110011101000001101111110011
00100000111011111010001101111010000001000000
10000001000000100000010000001000000100000010
00000100000010000001000000100000010000001000
00010000001000001110111110010101000001100001
11100101100101010000011010011110011010000011
10011110100011000011110000110010111001000100
00011000101111001010000011010001101111111011
10100000110111111101011110010010000011100001
10000111100101100101110111011101001110011010
00001110100111001011001011100001111010001000
00111010111100110101100010000011101111101000
11000011110100010000011101111100101010000011
01101110010111000011101110010000011101001101
11101000001110100110100011001011101101010111
00010000001000001001001110011001000001110111
11001010100000110000111100101100101010000011
10111110111111100101110100110100011011001100
10111100111110011010000011101001101111010000
01110100110100011001011101101010110001000001
11011111001010100000110000111100101100101010
00001110000111001011011111100111111001011000
01110110111011011100101110010001000001110100
11011110100000111001111101011100010110001111
01111110111011100111100011110100111011111110
10111100111101100111100101000000100000010000
00010000001000000100000110001011001011101100
11010011100101111011011001010100000111011111
00101010000011000011110010110010101000001110
11111011111110010111010011010001101100110010
11110011111001101000001110100110111101000001
10000111011001101100010111001000001010100110
10001101001111001101000001110100110000111010
11110010111100110100000110110011011111110100
11100110100000110111111001100100000111011111
01111111001011010110100000111010011011110100
00011000111101111111001011100101100101110001
11110100010111001000000100000010000001000000
00010000001000000100000010000001000000100000
01000000100000010000001000000100000100000111
10011010000011000010100000111010011001011100
10111011101100001110011111001011110010010110
00100000110000101000001101100110100111001101
10010101000001110111110100111101001101000110
11111110101111010001000001101100110111111101
10110010101000001101101110010111000011101110
11100110100000111100111011111110101111001001
00000111000011000011110010110010111011101110
10011100110100000111011111010001101111010000
01110111111001011001011100011110101111001011
10010001000000100000010000001000000100000010
01000000100000010000001000000100000010000001
00000010000001000000100000010000001000000100
00001000001111001110111111101011110010010000
01100011110100011010011101100110010011010001
10111111011111100100010000011100111110100110
10011101100110110001000001100100110111111011
10010011111101000100000110101111011101101111
11101110100000110100011011111110111010000011
10100110111101000001101100110111111101101100
10101000001111001110111111101010101110010000
01000001111001101000001100001010000011101001
10010111001011101110010000011101001101000110
10011110011010000001000000100000010000001000
00001000000100000010000001000000100000010000
10110111001011100001110111011100110100000111
01001101000110010111110010100000110010011011
11110111001001111110100010000011101011101110
11001001100101111001011100111110100110000111
01110110010001000001111001110111111101010101
11001000001010100110100011001011111001010000
01100100110111111011100100111111010001000001
11001011001011100001110110011011001111001010
00001101011110111011011111110111010000011110
01110111111101010101110010000001000000100000
00101010011010001100101111100101000001100001
11100101100101110111001001111110100010000011
11001110111111101011110010010000011001101110
01011010011100101110111011001000101110010000
01000001010000011011001101001110011011001010
10000011101111101001111010011010001101111111
01011110100010000011011001101111111011011001
01010000011000011110011010000011000010100000
11101001100101110010111011101100001110011111
00101111001001000001101101110010111000011101
11011100110100000110010111110001100011110010
11110011111001111010011110110110010101000001
10010011100101101001110111011010111101001110
11101100111010000011000011101110110010001000
00111001111001011101100110011001000000100000
01000000100000010000011001001100101111001111
10100111001011101011100011111010011010011110
11011001010100000110011011100101110101111001
11110100111001011000011110100110100111011111
10111001011000100000110000111011101100111110
01011110010010000011000011101110110010001000
00110001011001011101000110000111101101101001
